2660
2850
1720
2660
2660
2360
3460
3230
3230
3460
3600
3600
3830
4210
6990
6990
7000
7000
7470
2360
2160
1090
1090
990
990
600
600
590
1260
1260
730
2850
3050
3050
3210
3210
2060
3860
6210
6210
6910
6910
7580
7580
7580
7460
9430
9560
7960
8980
8980
9640
9760
9760
9960
3860
3750
3900
3860
5420
4800
4840
4800
4800
4010
3500
4010
5270
4010
4010
2950
5790
5790
6380
6380
6420
7240
7580
6420
6160
3750
3620
3300
3620
1360
1210
1210
1360
1210
1280
2740
1210
1070
950
950
910
910
750
30
750
1280
1280
1650
2320
1650
4930
4930
4930
1620
1620
1620
3600
3210
3210
1720
1720
2660
3900
3900
3860
4800
4800
4840
6420
6420
7240
1070
1070
1210
7960
8430
7960
8430
9430
2660
2660
2660
2660
2660
2660
3230
2660
3230
3460
3460
3600
3600
3830
4930
6990
6990
7000
7000
2360
2360
1720
1090
1090
990
990
600
600
1620
1260
1260
2850
2850
3050
3050
3210
3210
3210
3600
6210
6210
6910
6910
7580
7580
7580
9430
9430
7960
7960
8980
8980
9640
9760
9760
3860
3860
3860
3860
3860
3900
4800
4800
4800
4800
4010
4010
4010
4010
4010
4010
4840
5790
5790
6380
6380
6420
7240
6420
6420
3750
3750
3620
3620
2060
1360
1210
1360
1210
1210
1280
1210
1210
1070
950
950
910
910
750
750
1280
1280
1280
1650
1650
4210
4930
4930
1720
1620
1620
3210
3210
3210
1720
1720
1720
3900
3900
3900
4800
4800
4800
6420
6420
6420
1070
1070
1070
7580
7960
7960
8430
8430
