8080
7130
8080
8450
8710
8710
8450
8450
9430
8490
8490
8550
8550
8550
8490
7990
7990
6390
6390
9470
9470
8080
8000
8000
7290
7290
7050
7050
6840
5090
5090
7060
7060
6600
6600
3800
3800
4630
6020
5720
5720
4930
4930
4650
3580
3580
5810
5810
4400
4400
1790
1790
1790
2500
2500
4430
3960
4430
4870
4870
3520
3490
3490
2120
2120
2120
250
250
730
830
830
3400
2900
2900
2300
2300
2300
670
390
390
3570
3570
3570
3530
3800
3800
3520
4190
2640
1570
1570
2590
2590
1460
590
590
380
380
380
20
530
550
550
550
680
8550
8990
8490
6890
6820
6840
6020
6020
4630
7130
6890
7130
3960
3520
3960
3400
2640
3400
670
540
670
1570
1460
1570
4930
4930
4650
5770
5770
8370
7130
8080
8370
8450
8710
8450
8450
8450
8450
8490
8490
8550
8550
8490
8490
7990
7990
6390
8710
9470
8080
8080
8000
8000
7290
7290
7050
6840
6840
5090
7130
7060
7060
6600
4630
3800
4630
6020
6020
5720
5720
4930
4930
4650
3580
5770
5810
4650
4400
4400
1790
1790
1790
2500
4630
3960
4430
4630
4870
3520
3490
3520
2640
2120
2120
730
250
830
2120
830
3400
3400
2900
2900
2300
2300
670
540
390
3960
3570
3570
3570
3800
3800
3800
3800
3520
1570
1570
2640
2590
1460
1460
590
590
380
380
380
550
1570
550
550
550
8550
8550
8550
6890
6840
6890
6020
6600
6020
8080
7130
7130
4430
3960
3960
3490
3400
3400
2300
670
670
2590
1570
1570
4930
4930
4930
4930
5770
